10-maart-2025/
Eindcijfer 0	Lotnummer	Prijs heel lot	Prijs 1/5 lot
0	10,00  	2,00 
00	50,00  	10,00 
EG 60740	100.010,00  	20.002,00 
60740	260,00  	52,00 
 
 Eindcijfer 1	Lotnummer	Prijs heel lot	Prijs 1/5 lot
DU 43501	100.000,00  	20.000,00 
43501	250,00  	50,00 
 
 Eindcijfer 2	Lotnummer	Prijs heel lot	Prijs 1/5 lot
FX 07022	100.000,00  	20.000,00 
07022	250,00  	50,00 
BS 03722	100.000, 10 jaar lang.  	20.000, 10 jaar lang. 
2152	1.000,00  	200,00 
 
 Eindcijfer 3	Lotnummer	Prijs heel lot	Prijs 1/5 lot
523	250,00  	50,00 
DC 78523	10.250,00  	2.050,00 
78523	350,00  	70,00 
33	25,00  	5,00 
HF 88933	10.025,00  	2.005,00 
88933	125,00  	25,00 
 
 Eindcijfer 4	Lotnummer	Prijs heel lot	Prijs 1/5 lot
4	7,50  	1,50 
0404	1.007,50  	201,50 
Hoofdprijs	EO 43374	1.000.007,50  	200.001,50 
43374	1.007,50  	201,50 
CO 86874	10.007,50  	2.001,50 
86874	107,50  	21,50 
 
 Eindcijfer 5	Lotnummer	Prijs heel lot	Prijs 1/5 lot
5	20,00  	4,00 
05	100,00  	20,00 
DS 23215	10.020,00  	2.004,00 
23215	120,00  	24,00 
 
 Eindcijfer 6	Lotnummer	Prijs heel lot	Prijs 1/5 lot
6	7,50  	1,50 
2326	1.007,50  	201,50 
BU 62036	10.007,50  	2.001,50 
62036	107,50  	21,50 
2246	1.007,50  	201,50 
ER 53256	100.007,50  	20.001,50 
53256	257,50  	51,50 
06076	2.507,50  	501,50 
 
 Eindcijfer 7	Lotnummer	Prijs heel lot	Prijs 1/5 lot
EY 49437	10.000,00  	2.000,00 
49437	100,00  	20,00 
CP 55937	10.000,00  	2.000,00 
55937	100,00  	20,00 
47	25,00  	5,00 
CL 50247	10.025,00  	2.005,00 
50247	125,00  	25,00 
67	25,00  	5,00 
BW 78187	10.000,00  	2.000,00 
78187	100,00  	20,00 
 
 Eindcijfer 8	Lotnummer	Prijs heel lot	Prijs 1/5 lot
HC 88558	10.000,00  	2.000,00 
88558	100,00  	20,00 
ED 49558	100.000,00  	20.000,00 
49558	250,00  	50,00 
 
 Eindcijfer 9	Lotnummer	Prijs heel lot	Prijs 1/5 lot
9	5,00  	1,00 
 

(advertentie)


Staatsloterij Uitslag XL Prijzen
De winnende XL lotnummers van 10 maart 2025

Ga direct naar uw begincijfer 0  1  2  3  4  5  6  7  8  9  
 
 XL Begincijfer 0	Lotnummer	Prijs heel lot	Prijs 1/5 lot
HN 00555	25.000,00  	5.000,00 
00555	100,00  	20,00 
FM 01191	10.000,00  	2.000,00 
01191	100,00  	20,00 
0233	250,00  	50,00 
GH 04747	10.000,00  	2.000,00 
04747	100,00  	20,00 
CG 06573	10.000,00  	2.000,00 
06573	100,00  	20,00 
0786	250,00  	50,00 
DJ 08379	10.000,00  	2.000,00 
08379	100,00  	20,00 
 
 XL Begincijfer 1	Lotnummer	Prijs heel lot	Prijs 1/5 lot
AM 13118	10.000,00  	2.000,00 
13118	100,00  	20,00 
BY 14858	100.000,00  	20.000,00 
14858	250,00  	50,00 
AS 15199	100.000,00  	20.000,00 
15199	250,00  	50,00 
ES 15838	10.000,00  	2.000,00 
15838	100,00  	20,00 
16314	1.000,00  	200,00 
CX 16828	25.000,00  	5.000,00 
16828	100,00  	20,00 
AM 18843	25.000,00  	5.000,00 
18843	100,00  	20,00 
 
 XL Begincijfer 2	Lotnummer	Prijs heel lot	Prijs 1/5 lot
DX 21304	25.000,00  	5.000,00 
21304	100,00  	20,00 
DA 21526	10.000,00  	2.000,00 
21526	100,00  	20,00 
AW 21950	10.000,00  	2.000,00 
21950	100,00  	20,00 
BI 24427	100.000,00  	20.000,00 
24427	250,00  	50,00 
EO 25740	25.000,00  	5.000,00 
25740	100,00  	20,00 
26416	500,00  	100,00 
26993	2.500,00  	500,00 
AK 28437	25.000,00  	5.000,00 
28437	100,00  	20,00 
 
 XL Begincijfer 3	Lotnummer	Prijs heel lot	Prijs 1/5 lot
AF 30520	10.000,00  	2.000,00 
30520	100,00  	20,00 
FZ 31823	10.000,00  	2.000,00 
31823	100,00  	20,00 
3379	250,00  	50,00 
37363	1.000,00  	200,00 
 
 XL Begincijfer 4	Lotnummer	Prijs heel lot	Prijs 1/5 lot
EY 48350	10.000,00  	2.000,00 
48350	100,00  	20,00 
 
 XL Begincijfer 5	Lotnummer	Prijs heel lot	Prijs 1/5 lot
ES 50901	10.000,00  	2.000,00 
50901	100,00  	20,00 
DS 51877	10.000,00  	2.000,00 
51877	100,00  	20,00 
52375	500,00  	100,00 
FL 53329	25.000,00  	5.000,00 
53329	100,00  	20,00 
CC 55838	10.000,00  	2.000,00 
55838	100,00  	20,00 
DZ 57065	10.000,00  	2.000,00 
57065	100,00  	20,00 
 
 XL Begincijfer 6	Lotnummer	Prijs heel lot	Prijs 1/5 lot
FJ 65168	10.000,00  	2.000,00 
65168	100,00  	20,00 
EP 69209	10.000,00  	2.000,00 
69209	100,00  	20,00 
AA 69637	10.000,00  	2.000,00 
69637	100,00  	20,00 
 
 XL Begincijfer 7	Lotnummer	Prijs heel lot	Prijs 1/5 lot
FZ 70008	10.000,00  	2.000,00 
70008	100,00  	20,00 
Hoofdprijs	HD 71028	1.000.000,00  	200.000,00 
71028	1.000,00  	200,00 
7351	250,00  	50,00 
DO 73779	10.000,00  	2.000,00 
73779	100,00  	20,00 
BN 76361	25.000,00  	5.000,00 
76361	100,00  	20,00 
77418	1.000,00  	200,00 
 
 XL Begincijfer 8	Lotnummer	Prijs heel lot	Prijs 1/5 lot
BJ 80510	10.000,00  	2.000,00 
80510	100,00  	20,00 
BU 82974	100.000,00  	20.000,00 
82974	250,00  	50,00 
CC 86972	25.000,00  	5.000,00 
86972	100,00  	20,00 
CK 87247	100.000,00  	20.000,00 
87247	250,00  	50,00 
8749	250,00  	50,00 
8812	250,00  	50,00 
 
 XL Begincijfer 9	Lotnummer	Prijs heel lot	Prijs 1/5 lot
CY 90811	25.000,00  	5.000,00 
90811	100,00  	20,00 
AB 92047	10.000,00  	2.000,00 
92047	100,00  	20,00 
94442	500,00  	100,00 
EG 95487	10.000,00  	2.000,00 
95487	100,00  	20,00 
CG 95934	10.000,00  	2.000,00 
95934	100,00  	20,00 
CW 99407	10.000,00  	2.000,00 
99407	100,00  	20,00 
 
