http://news.sanook.com/lotto/check/16072569/
FIRST 639214
THREE_FIRST 683 709
THREE_LAST 746 427
TWO 71
NEAR_FIRST 639213 639215
SECOND 041103 468769 766948 846088 997512 
THIRD 065731 171022 218479 227673 436300 552474 568691 791742 807458 936500 
FOURTH 017061 181212 276804 399866 524743 654462 713623 752291 820623 859979 087746 249749 306661 465124 536340 654945 714211 768806 820905 911363 103557 251990 322242 498212 580997 657064 718851 774426 828995 966983 114393 257872 345926 503813 609777 683043 740047 792790 841747 968313 130361 258802 399305 517073 640357 695271 746402 798117 851630 983619 
FIFTH 013563 153201 268889 339088 435582 596396 680354 788655 851550 915969 020657 155410 281529 346786 443734 601215 699822 789847 864163 921870 042373 166564 282038 350624 460665 608308 708724 793531 876297 921888 058339 192959 299464 354778 464341 609140 731389 812759 877968 923163 105475 204403 306314 357766 477282 616375 745190 814550 884249 924721 117463 204512 311341 372265 504043 620823 749696 815964 889983 924903 130031 205195 318350 375946 509175 622480 754622 817120 891098 934574 138633 217767 323680 400178 511768 625819 757781 822650 894747 934867 143146 231117 324357 405885 551399 648362 760220 840637 900975 940135 152117 252882 338042 410553 579776 664514 772129 846205 906389 960354 
