http://news.sanook.com/lotto/check/01072569/
FIRST 751495
THREE_FIRST 001 980
THREE_LAST 304 531
TWO 62
NEAR_FIRST 751494 751496
SECOND 902369 699829 418597 476642 370059 
THIRD 222683 231094 520943 478059 046311 445814 660172 234654 406138 300311 
FOURTH 984949 668051 263833 986762 587450 488755 253685 200610 814794 554212 217541 771811 384628 949936 775047 310091 814921 252455 404995 388309 342395 507464 636781 075283 065344 889452 835545 150458 482286 979888 449522 878386 638136 327655 467495 051208 284925 627173 019808 553453 464773 403743 552750 322018 797193 061037 690707 789285 333429 956549 
FIFTH 275957 576126 383204 507024 341177 698818 714198 926738 240490 411656 608027 430323 822015 905921 224642 261007 689184 405177 149470 638661 829122 286024 709601 756441 402254 513171 812380 848247 362630 078054 498357 589264 446985 525825 763143 070324 713919 402963 959268 427076 863251 848258 723167 314859 564766 188824 731135 851201 493716 273490 616117 517309 477189 491077 138943 522616 081768 992570 462692 787695 957900 499924 527828 905379 410439 807989 952044 289457 435730 997829 950365 876663 544479 359945 682683 365002 463543 496479 750459 755756 385367 416005 426307 617492 624516 990309 586905 329424 392643 296965 924098 640183 041327 677875 250378 704495 542344 296560 938287 884564 
