http://news.sanook.com/lotto/check/16012569/
FIRST 878972
THREE_FIRST 299 815
THREE_LAST 662 363
TWO 02
NEAR_FIRST 878971 878973
SECOND 381104 462362 563562 622849 931181
THIRD 005672 088655 157664 285770 380491 646751 686827 699496 905332 979726
FOURTH 001710 122890 254537 346569 510478 620850 728151 854584 879899 952673 002620 164034 268609 363669 512262 643690 745233 862771 889623 995397 006309 175674 270365 417200 551909 688173 771155 868930 926582 996582 042793 199915 277608 452664 573339 721192 788489 869773 927217 998307 065792 199940 294448 457942 598330 722565 814326 879301 927260 999550
FIFTH 009758 154832 286958 372940 503014 583377 647749 725483 804800 889967 038904 166304 297088 379968 506191 595449 652725 741541 823092 898049 046832 173168 300978 388033 515363 596525 665269 744746 846597 905143 083305 175461 309263 397231 525227 602920 673452 755941 847175 912392 093672 191522 319811 415485 526792 605785 680068 769970 854554 934025 101871 205946 326896 416015 548671 615504 681772 786195 860639 941065 126380 223884 349688 422645 555032 627745 693203 793895 866909 954128 132019 225615 359189 456745 565481 628189 694064 802971 868816 971380 137111 251887 364909 468503 581182 633891 695518 804117 876545 991538 146903 281168 365921 477066 583146 643420 724879 804125 880770 996466
