http://news.sanook.com/lotto/check/16062569/
FIRST 287184
THREE_FIRST 758 434
THREE_LAST 007 721
TWO 48
NEAR_FIRST 287183 287185
SECOND 327953 281342 459206 791717 124998 
THIRD 173838 628731 966561 012001 540705 367469 161155 330999 349577 600950 
FOURTH 022054 042771 067490 101404 171508 171915 175920 176913 185876 212902 259424 268121 308820 310121 312535 322506 341588 363683 380419 409975 454456 466564 471229 495218 513746 525190 528437 544956 578964 599423 600097 605890 632871 659053 660776 677843 695375 752663 763609 831962 846786 858475 861025 862988 876526 894206 902799 930212 934021 960563 
FIFTH 271385 632212 535577 420917 602101 232306 119547 280255 915044 124286 448908 928461 731309 222449 275666 435451 484270 692940 587262 767010 070047 991494 009664 231569 503237 767180 018581 650992 025865 742502 113127 255979 513908 600714 292244 694653 086728 607331 086728 607331 680539 452517 627040 845268 783550 766320 710002 028761 549044 176558 970622 149671 951970 810828 969716 152534 196524 558215 653255 403203 903286 076664 209864 062146 137530 483446 970773 730521 501525 933679 017566 302065 090334 075296 150633 977854 038818 076810 914696 289249 121755 844822 759249 983876 985550 032361 760672 029562 703136 504838 293107 228574 471585 084477 569442 872445 826191 409808 411087 562087 
