http://news.sanook.com/lotto/check/01062569/
FIRST 173770
THREE_FIRST 848 415
THREE_LAST 410 938
TWO 95
NEAR_FIRST 173769 173771
SECOND 494547 536050 791562 798580 998762 
THIRD 068692 072480 110036 139612 289274 376437 408305 561982 774571 781351 
FOURTH 012416 089100 174687 268732 390244 552910 718799 787140 838513 920498 027805 110960 206057 300106 406804 636507 726206 802988 854321 926731 057199 163815 207870 312869 481618 638693 746382 804398 856802 960847 071546 166144 249170 349221 489003 656438 770868 808951 858345 969962 083304 172234 261715 371276 496666 670359 782968 815967 864993 999895 
FIFTH 005401 125010 254367 336500 439946 599376 689259 775886 845369 908364 006932 154163 260973 349904 459913 600204 694350 787917 852521 929389 019147 155562 264966 364440 495606 605845 694961 789267 860444 935993 043938 171574 270145 365593 498930 619260 695170 803845 863600 940118 047605 175040 273096 367578 505444 623850 703419 804066 865059 949149 055181 198662 274203 371374 551572 634027 705369 805278 878705 953895 056388 221713 283200 373178 559070 649276 712627 815081 888499 956944 059542 243143 303873 408171 561749 665919 715399 817225 899540 975209 070742 243746 314165 413049 566274 679317 735315 821263 901774 986986 087228 251863 320717 439934 571080 680961 772708 822021 903311 987944 
